0,1000000000.0,-1.353504E+001, 8.316777E+000,0,0
1,1050000000.0,-1.146881E+001, 9.937998E+001,0,0
2,1100000000.0,-1.180303E+001, 1.788973E+002,0,0
3,1150000000.0,-1.168252E+001,-8.970544E+001,0,0
4,1200000000.0,-1.176999E+001, 4.283085E+000,0,0
5,1250000000.0,-1.284888E+001, 9.257945E+001,0,0
6,1300000000.0,-1.364008E+001,-1.706642E+002,0,0
7,1350000000.0,-1.400522E+001,-7.731553E+001,0,0
8,1400000000.0,-1.445198E+001, 1.327056E+001,0,0
9,1450000000.0,-1.488765E+001, 1.121678E+002,0,0
10,1500000000.0,-1.603020E+001,-1.496276E+002,0,0
11,1550000000.0,-1.753978E+001,-6.448955E+001,0,0
12,1600000000.0,-1.945791E+001, 3.274092E+001,0,0
13,1650000000.0,-2.238909E+001, 1.435086E+002,0,0
14,1700000000.0,-2.272241E+001,-1.022872E+002,0,0
15,1750000000.0,-2.247710E+001, 3.562099E+000,0,0
16,1800000000.0,-2.098016E+001, 1.092250E+002,0,0
17,1850000000.0,-1.899338E+001,-1.471779E+002,0,0
18,1900000000.0,-1.921289E+001,-5.864277E+001,0,0
19,1950000000.0,-1.849260E+001, 3.014876E+001,0,0
20,2000000000.0,-1.791246E+001, 1.235037E+002,0,0
21,2050000000.0,-1.788064E+001,-1.429886E+002,0,0
22,2100000000.0,-2.039723E+001,-5.420877E+001,0,0
23,2150000000.0,-2.064774E+001, 4.705284E+001,0,0
24,2200000000.0,-1.977851E+001, 1.471246E+002,0,0
25,2250000000.0,-1.976124E+001,-1.197672E+002,0,0
26,2300000000.0,-2.108683E+001,-2.741641E+001,0,0
27,2350000000.0,-2.062053E+001, 7.029960E+001,0,0
28,2400000000.0,-2.101061E+001, 1.684593E+002,0,0
29,2450000000.0,-2.065556E+001,-1.014605E+002,0,0
30,2500000000.0,-2.145561E+001,-2.380035E+000,0,0
31,2550000000.0,-2.049043E+001, 8.797977E+001,0,0
32,2600000000.0,-2.059719E+001, 1.766954E+002,0,0
33,2650000000.0,-2.215408E+001,-9.384499E+001,0,0
34,2700000000.0,-2.288859E+001, 2.684149E+000,0,0
35,2750000000.0,-2.423240E+001, 9.506282E+001,0,0
36,2800000000.0,-2.621781E+001,-1.716378E+002,0,0
37,2850000000.0,-2.864935E+001,-6.290322E+001,0,0
38,2900000000.0,-2.856161E+001, 4.811175E+001,0,0
39,2950000000.0,-2.889351E+001, 1.508381E+002,0,0
40,3000000000.0,-2.920464E+001,-1.143296E+002,0,0
41,3050000000.0,-2.773391E+001, 2.508084E+000,0,0
42,3100000000.0,-2.630326E+001, 1.005165E+002,0,0
43,3150000000.0,-2.627460E+001,-1.739499E+002,0,0
44,3200000000.0,-2.666489E+001,-7.636320E+001,0,0
45,3250000000.0,-2.631867E+001, 1.832310E+001,0,0
46,3300000000.0,-2.651755E+001, 1.110847E+002,0,0
47,3350000000.0,-2.732252E+001,-1.552900E+002,0,0
48,3400000000.0,-2.795814E+001,-5.935649E+001,0,0
49,3450000000.0,-2.744128E+001, 3.859338E+001,0,0
50,3500000000.0,-2.703480E+001, 1.317369E+002,0,0
51,3550000000.0,-2.761357E+001,-1.377324E+002,0,0
52,3600000000.0,-2.759233E+001,-5.005376E+001,0,0
53,3650000000.0,-2.865149E+001, 4.058365E+001,0,0
54,3700000000.0,-2.956271E+001, 1.309222E+002,0,0
55,3750000000.0,-3.144670E+001,-1.391319E+002,0,0
56,3800000000.0,-3.123411E+001,-4.766012E+001,0,0
57,3850000000.0,-3.309540E+001, 3.577448E+001,0,0
58,3900000000.0,-3.523134E+001, 1.256296E+002,0,0
59,3950000000.0,-3.952350E+001,-1.631000E+002,0,0
60,4000000000.0,-4.965738E+001,-7.219025E+001,0,0
61,4050000000.0,-4.996329E+001, 1.421933E+002,0,0
62,4100000000.0,-4.681400E+001,-1.348796E+002,0,0
63,4150000000.0,-4.738395E+001,-5.933373E+001,0,0
64,4200000000.0,-5.543768E+001, 1.707444E+002,0,0
65,4250000000.0,-4.416397E+001,-1.264068E+002,0,0
66,4300000000.0,-4.233364E+001,-5.340522E+001,0,0
67,4350000000.0,-4.161077E+001, 5.690103E+001,0,0
68,4400000000.0,-3.719318E+001, 1.405068E+002,0,0
69,4450000000.0,-3.887668E+001,-1.423990E+002,0,0
70,4500000000.0,-3.971795E+001,-3.449783E+001,0,0
71,4550000000.0,-3.718288E+001, 6.419733E+001,0,0
72,4600000000.0,-3.691596E+001, 1.478745E+002,0,0
73,4650000000.0,-3.947630E+001,-1.161415E+002,0,0
74,4700000000.0,-3.792237E+001,-1.163388E+001,0,0
75,4750000000.0,-3.663440E+001, 9.025131E+001,0,0
76,4800000000.0,-3.586521E+001,-1.766658E+002,0,0
77,4850000000.0,-3.532866E+001,-8.461282E+001,0,0
78,4900000000.0,-3.507645E+001, 5.684994E+000,0,0
79,4950000000.0,-3.436382E+001, 9.662321E+001,0,0
80,5000000000.0,-3.450220E+001,-1.754363E+002,0,0
81,5050000000.0,-3.454226E+001,-8.628606E+001,0,0
82,5100000000.0,-3.578999E+001, 7.847450E+000,0,0
83,5150000000.0,-3.744431E+001, 1.009668E+002,0,0
84,5200000000.0,-3.705080E+001,-1.641998E+002,0,0
85,5250000000.0,-3.783523E+001,-7.180318E+001,0,0
86,5300000000.0,-3.739342E+001, 3.183852E+001,0,0
87,5350000000.0,-3.649834E+001, 1.168991E+002,0,0
88,5400000000.0,-3.767194E+001,-1.541274E+002,0,0
89,5450000000.0,-3.725671E+001,-6.913306E+001,0,0
90,5500000000.0,-3.896955E+001, 3.024498E+001,0,0
91,5550000000.0,-3.672503E+001, 1.082958E+002,0,0
92,5600000000.0,-3.836640E+001,-1.770643E+002,0,0
93,5650000000.0,-4.110869E+001,-1.027653E+002,0,0
94,5700000000.0,-4.640008E+001,-1.133791E+001,0,0
95,5750000000.0,-5.139220E+001, 1.225431E+002,0,0
96,5800000000.0,-4.487202E+001,-1.164373E+002,0,0
97,5850000000.0,-4.300447E+001,-3.674275E+001,0,0
98,5900000000.0,-4.205959E+001, 3.847499E+001,0,0
99,5950000000.0,-4.127055E+001, 1.142384E+002,0,0
100,6000000000.0,-4.433099E+001,-1.733956E+002,0,0
101,6050000000.0,-4.396992E+001,-6.751557E+001,0,0
102,6100000000.0,-4.472531E+001, 4.064807E+001,0,0
103,6150000000.0,-4.189350E+001, 1.166641E+002,0,0
104,6200000000.0,-4.295887E+001,-1.700923E+002,0,0
105,6250000000.0,-4.579722E+001,-9.692258E+001,0,0
106,6300000000.0,-5.199677E+001, 2.849992E+001,0,0
107,6350000000.0,-5.174334E+001, 1.095301E+002,0,0
108,6400000000.0,-4.996615E+001,-9.799677E+001,0,0
109,6450000000.0,-4.420772E+001,-3.478333E+001,0,0
110,6500000000.0,-4.500000E+001, 4.484831E+001,0,0
111,6550000000.0,-4.349071E+001, 1.178073E+002,0,0
112,6600000000.0,-4.575195E+001,-1.551516E+002,0,0
113,6650000000.0,-4.526612E+001,-8.173045E+001,0,0
114,6700000000.0,-4.662311E+001, 1.859241E+001,0,0
115,6750000000.0,-4.723317E+001, 1.075207E+002,0,0
116,6800000000.0,-4.762027E+001,-1.656656E+002,0,0
117,6850000000.0,-4.732922E+001,-7.620391E+001,0,0
118,6900000000.0,-5.127722E+001,-2.037426E+000,0,0
119,6950000000.0,-5.065123E+001, 1.152550E+002,0,0
120,7000000000.0,-5.506521E+001,-1.327940E+002,0,0
121,7050000000.0,-4.634644E+001,-6.122092E+001,0,0
122,7100000000.0,-4.690726E+001, 2.183145E+001,0,0
123,7150000000.0,-4.686064E+001, 1.070282E+002,0,0
124,7200000000.0,-4.387211E+001,-1.692345E+002,0,0
125,7250000000.0,-4.331588E+001,-8.629650E+001,0,0
126,7300000000.0,-4.530331E+001,-1.664803E+001,0,0
127,7350000000.0,-4.879805E+001, 8.852200E+001,0,0
128,7400000000.0,-5.026600E+001,-1.649964E+002,0,0
129,7450000000.0,-4.672679E+001,-6.153814E+001,0,0
130,7500000000.0,-4.874077E+001, 2.830366E+001,0,0
131,7550000000.0,-4.983227E+001, 1.082150E+002,0,0
132,7600000000.0,-5.438023E+001,-9.812994E+001,0,0
133,7650000000.0,-5.174136E+001,-3.110710E+001,0,0
134,7700000000.0,-5.648948E+001, 1.026811E+002,0,0
135,7750000000.0,-5.558874E+001, 1.455550E+002,0,0
136,7800000000.0,-5.528214E+001,-1.685512E+002,0,0
137,7850000000.0,-5.351727E+001,-1.161108E+002,0,0
138,7900000000.0,-4.974547E+001,-6.428362E+001,0,0
139,7950000000.0,-5.121362E+001, 3.582205E+001,0,0
140,8000000000.0,-4.930852E+001, 8.970229E+001,0,0
141,8050000000.0,-5.584391E+001,-1.137000E+002,0,0
142,8100000000.0,-5.062261E+001, 8.923571E+000,0,0
143,8150000000.0,-4.606591E+001, 1.118538E+002,0,0
144,8200000000.0,-4.487997E+001,-1.791226E+002,0,0
145,8250000000.0,-4.497501E+001,-7.095382E+001,0,0
146,8300000000.0,-4.718199E+001, 5.127494E+000,0,0
147,8350000000.0,-4.887975E+001, 1.118926E+002,0,0
148,8400000000.0,-5.218526E+001,-1.610418E+002,0,0
149,8450000000.0,-6.240330E+001,-1.689980E+001,0,0
150,8500000000.0,-6.525979E+001,-4.363132E+001,0,0
151,8550000000.0,-5.834462E+001,-3.911943E+001,0,0
152,8600000000.0,-5.328436E+001, 4.144826E+001,0,0
153,8650000000.0,-4.825856E+001, 1.290235E+002,0,0
154,8700000000.0,-5.120198E+001,-1.678451E+002,0,0
155,8750000000.0,-5.187073E+001,-6.364633E+001,0,0
156,8800000000.0,-6.257169E+001, 6.994498E+001,0,0
157,8850000000.0,-6.102498E+001, 1.772359E+002,0,0
158,8900000000.0,-5.239062E+001, 9.215453E+000,0,0
159,8950000000.0,-5.103375E+001, 9.231680E+001,0,0
160,9000000000.0,-4.872834E+001,-1.656357E+002,0,0
161,9050000000.0,-4.666159E+001,-7.185310E+001,0,0
162,9100000000.0,-4.830008E+001, 2.362756E+001,0,0
163,9150000000.0,-5.033482E+001, 1.180371E+002,0,0
164,9200000000.0,-5.324435E+001,-1.332970E+002,0,0
165,9250000000.0,-5.516078E+001, 1.561710E+001,0,0
166,9300000000.0,-5.327847E+001, 1.141998E+002,0,0
167,9350000000.0,-5.120434E+001,-1.474013E+002,0,0
168,9400000000.0,-5.394731E+001,-4.907803E+001,0,0
169,9450000000.0,-5.608086E+001, 6.249815E+001,0,0
170,9500000000.0,-5.965277E+001,-1.527568E+002,0,0
171,9550000000.0,-5.619337E+001,-5.342557E+001,0,0
172,9600000000.0,-6.346978E+001, 1.585747E+001,0,0
173,9650000000.0,-6.497334E+001,-7.010576E+001,0,0
174,9700000000.0,-5.357208E+001, 1.720769E+001,0,0
175,9750000000.0,-5.217351E+001, 9.905044E+001,0,0
176,9800000000.0,-5.500963E+001,-1.664869E+002,0,0
177,9850000000.0,-6.380870E+001,-3.931557E+001,0,0
178,9900000000.0,-5.150440E+001, 1.143089E+002,0,0
179,9950000000.0,-4.842129E+001,-1.592643E+002,0,0
180,10000000000.0,-4.655407E+001,-5.580592E+001,0,0
181,10050000000.0,-4.813520E+001, 4.609385E+001,0,0
182,10100000000.0,-4.639568E+001, 1.492032E+002,0,0
183,10150000000.0,-4.713827E+001,-9.938830E+001,0,0
184,10200000000.0,-4.617489E+001, 1.705194E+000,0,0
185,10250000000.0,-4.771126E+001, 1.054603E+002,0,0
186,10300000000.0,-4.985732E+001,-1.566038E+002,0,0
187,10350000000.0,-4.946470E+001,-9.859923E+000,0,0
188,10400000000.0,-4.987940E+001, 9.307802E+001,0,0
189,10450000000.0,-4.900020E+001,-1.657067E+002,0,0
190,10500000000.0,-5.021428E+001,-6.131142E+001,0,0
191,10550000000.0,-5.184811E+001, 6.232578E+001,0,0
192,10600000000.0,-5.445855E+001,-1.745284E+002,0,0
193,10650000000.0,-5.059531E+001,-6.050492E+001,0,0
194,10700000000.0,-5.164998E+001, 7.141619E+001,0,0
195,10750000000.0,-5.078739E+001, 1.674137E+002,0,0
196,10800000000.0,-5.274814E+001,-5.263372E+001,0,0
197,10850000000.0,-4.927485E+001, 5.867776E+001,0,0
198,10900000000.0,-4.702379E+001, 1.558877E+002,0,0
199,10950000000.0,-4.708241E+001,-1.080661E+002,0,0
200,11000000000.0,-4.811899E+001, 1.073566E+001,0,0
0,1000000000.0,-1.355953E+001, 7.941213E+000,1,0
1,1050000000.0,-1.159835E+001, 9.955898E+001,1,0
2,1100000000.0,-1.178001E+001,-1.799490E+002,1,0
3,1150000000.0,-1.166668E+001,-9.051372E+001,1,0
4,1200000000.0,-1.170672E+001, 4.051529E+000,1,0
5,1250000000.0,-1.283999E+001, 9.210371E+001,1,0
6,1300000000.0,-1.373575E+001,-1.699191E+002,1,0
7,1350000000.0,-1.395681E+001,-7.705024E+001,1,0
8,1400000000.0,-1.432718E+001, 1.376472E+001,1,0
9,1450000000.0,-1.467297E+001, 1.118469E+002,1,0
10,1500000000.0,-1.585161E+001,-1.513045E+002,1,0
11,1550000000.0,-1.804893E+001,-6.637846E+001,1,0
12,1600000000.0,-1.987057E+001, 3.439474E+001,1,0
13,1650000000.0,-2.204361E+001, 1.464300E+002,1,0
14,1700000000.0,-2.195070E+001,-1.058061E+002,1,0
15,1750000000.0,-2.358503E+001, 8.455986E-001,1,0
16,1800000000.0,-2.194221E+001, 1.149265E+002,1,0
17,1850000000.0,-1.860896E+001,-1.464512E+002,1,0
18,1900000000.0,-1.870816E+001,-5.790789E+001,1,0
19,1950000000.0,-1.779584E+001, 3.036043E+001,1,0
20,2000000000.0,-1.827193E+001, 1.182630E+002,1,0
21,2050000000.0,-1.837161E+001,-1.443225E+002,1,0
22,2100000000.0,-2.107293E+001,-4.786122E+001,1,0
23,2150000000.0,-2.008009E+001, 4.981759E+001,1,0
24,2200000000.0,-1.982040E+001, 1.435244E+002,1,0
25,2250000000.0,-1.993271E+001,-1.216238E+002,1,0
26,2300000000.0,-2.145318E+001,-2.563588E+001,1,0
27,2350000000.0,-2.081746E+001, 7.107806E+001,1,0
28,2400000000.0,-2.073025E+001, 1.699313E+002,1,0
29,2450000000.0,-2.080201E+001,-9.801698E+001,1,0
30,2500000000.0,-2.045761E+001, 4.237627E-001,1,0
31,2550000000.0,-2.004154E+001, 8.443288E+001,1,0
32,2600000000.0,-2.091491E+001, 1.726561E+002,1,0
33,2650000000.0,-2.233204E+001,-9.297671E+001,1,0
34,2700000000.0,-2.285979E+001, 1.453860E+000,1,0
35,2750000000.0,-2.450128E+001, 9.349693E+001,1,0
36,2800000000.0,-2.661804E+001,-1.718991E+002,1,0
37,2850000000.0,-2.847919E+001,-6.444657E+001,1,0
38,2900000000.0,-2.891236E+001, 4.559840E+001,1,0
39,2950000000.0,-2.949882E+001, 1.515455E+002,1,0
40,3000000000.0,-2.941232E+001,-1.092166E+002,1,0
41,3050000000.0,-2.682616E+001, 7.377041E+000,1,0
42,3100000000.0,-2.510489E+001, 9.561069E+001,1,0
43,3150000000.0,-2.609316E+001,-1.793038E+002,1,0
44,3200000000.0,-2.710991E+001,-7.939233E+001,1,0
45,3250000000.0,-2.672909E+001, 1.644652E+001,1,0
46,3300000000.0,-2.642619E+001, 1.131010E+002,1,0
47,3350000000.0,-2.724291E+001,-1.539278E+002,1,0
48,3400000000.0,-2.756049E+001,-5.968072E+001,1,0
49,3450000000.0,-2.769394E+001, 3.115425E+001,1,0
50,3500000000.0,-2.848073E+001, 1.318413E+002,1,0
51,3550000000.0,-2.777151E+001,-1.310458E+002,1,0
52,3600000000.0,-2.750622E+001,-4.654058E+001,1,0
53,3650000000.0,-2.807148E+001, 4.243880E+001,1,0
54,3700000000.0,-2.972250E+001, 1.358788E+002,1,0
55,3750000000.0,-3.033659E+001,-1.357060E+002,1,0
56,3800000000.0,-2.992645E+001,-5.039089E+001,1,0
57,3850000000.0,-3.212981E+001, 2.712389E+001,1,0
58,3900000000.0,-3.656670E+001, 1.026117E+002,1,0
59,3950000000.0,-4.785612E+001,-1.613270E+002,1,0
60,4000000000.0,-4.311436E+001,-8.532448E+000,1,0
61,4050000000.0,-4.567062E+001, 7.974200E+001,1,0
62,4100000000.0,-5.046835E+001, 1.250108E+002,1,0
63,4150000000.0,-5.093838E+001, 6.405261E+001,1,0
64,4200000000.0,-4.313388E+001, 1.002708E+002,1,0
65,4250000000.0,-4.643499E+001,-1.481560E+002,1,0
66,4300000000.0,-4.377475E+001,-5.147306E+001,1,0
67,4350000000.0,-3.962635E+001, 4.262493E+001,1,0
68,4400000000.0,-3.969144E+001, 1.353388E+002,1,0
69,4450000000.0,-4.065191E+001,-1.252184E+002,1,0
70,4500000000.0,-3.760408E+001,-2.827928E+001,1,0
71,4550000000.0,-3.811036E+001, 5.073600E+001,1,0
72,4600000000.0,-3.869031E+001, 1.546796E+002,1,0
73,4650000000.0,-4.012324E+001,-1.072751E+002,1,0
74,4700000000.0,-3.753320E+001,-4.479342E+000,1,0
75,4750000000.0,-3.485215E+001, 9.207244E+001,1,0
76,4800000000.0,-3.443084E+001,-1.735484E+002,1,0
77,4850000000.0,-3.492581E+001,-8.654539E+001,1,0
78,4900000000.0,-3.373682E+001, 2.880542E+000,1,0
79,4950000000.0,-3.356929E+001, 8.512060E+001,1,0
80,5000000000.0,-3.527407E+001, 1.747193E+002,1,0
81,5050000000.0,-3.527501E+001,-9.328934E+001,1,0
82,5100000000.0,-3.660257E+001, 8.129945E+000,1,0
83,5150000000.0,-3.799518E+001, 9.017935E+001,1,0
84,5200000000.0,-4.017064E+001,-1.667891E+002,1,0
85,5250000000.0,-4.015802E+001,-5.190977E+001,1,0
86,5300000000.0,-3.709928E+001, 4.805838E+001,1,0
87,5350000000.0,-3.630724E+001, 1.310660E+002,1,0
88,5400000000.0,-3.502301E+001,-1.381169E+002,1,0
89,5450000000.0,-3.462930E+001,-6.153173E+001,1,0
90,5500000000.0,-3.477849E+001, 2.083747E+001,1,0
91,5550000000.0,-3.634446E+001, 9.228174E+001,1,0
92,5600000000.0,-3.995441E+001,-1.781451E+002,1,0
93,5650000000.0,-3.998570E+001,-9.600132E+001,1,0
94,5700000000.0,-4.261794E+001,-1.517113E+001,1,0
95,5750000000.0,-4.636182E+001, 7.059482E+001,1,0
96,5800000000.0,-5.089719E+001, 1.664867E+002,1,0
97,5850000000.0,-5.187645E+001,-2.236909E+001,1,0
98,5900000000.0,-4.562801E+001, 7.834811E+001,1,0
99,5950000000.0,-4.145522E+001, 1.479527E+002,1,0
100,6000000000.0,-4.122760E+001,-1.594516E+002,1,0
101,6050000000.0,-4.090389E+001,-6.079465E+001,1,0
102,6100000000.0,-4.282766E+001, 1.690595E+001,1,0
103,6150000000.0,-4.591858E+001, 1.004118E+002,1,0
104,6200000000.0,-4.609908E+001,-1.412737E+002,1,0
105,6250000000.0,-4.478077E+001,-4.525967E+001,1,0
106,6300000000.0,-4.383657E+001, 2.625384E+001,1,0
107,6350000000.0,-4.597889E+001, 1.126570E+002,1,0
108,6400000000.0,-4.693142E+001,-1.699681E+002,1,0
109,6450000000.0,-5.070445E+001,-7.031432E+001,1,0
110,6500000000.0,-4.784782E+001, 3.958548E+001,1,0
111,6550000000.0,-4.587932E+001, 1.199047E+002,1,0
112,6600000000.0,-4.706729E+001,-1.496136E+002,1,0
113,6650000000.0,-4.738050E+001,-7.387846E+001,1,0
114,6700000000.0,-4.952616E+001, 2.958655E+001,1,0
115,6750000000.0,-4.850372E+001, 1.225543E+002,1,0
116,6800000000.0,-4.995354E+001,-1.333098E+002,1,0
117,6850000000.0,-4.637047E+001,-3.987854E+001,1,0
118,6900000000.0,-4.506347E+001, 3.184404E+001,1,0
119,6950000000.0,-4.590622E+001, 1.077748E+002,1,0
120,7000000000.0,-4.512593E+001,-1.736688E+002,1,0
121,7050000000.0,-4.918591E+001,-9.670731E+001,1,0
122,7100000000.0,-4.718346E+001,-1.925617E+001,1,0
123,7150000000.0,-4.704339E+001, 9.834756E+001,1,0
124,7200000000.0,-4.825135E+001,-1.753167E+002,1,0
125,7250000000.0,-4.569916E+001,-9.215192E+001,1,0
126,7300000000.0,-4.521338E+001, 7.086040E-001,1,0
127,7350000000.0,-4.656372E+001, 9.068234E+001,1,0
128,7400000000.0,-5.158531E+001, 1.717796E+002,1,0
129,7450000000.0,-5.091088E+001,-4.847626E+001,1,0
130,7500000000.0,-4.842963E+001, 7.571610E+001,1,0
131,7550000000.0,-4.726899E+001, 1.580496E+002,1,0
132,7600000000.0,-4.875512E+001,-1.266963E+002,1,0
133,7650000000.0,-5.143528E+001,-4.726223E+001,1,0
134,7700000000.0,-5.361992E+001, 6.689525E+001,1,0
135,7750000000.0,-5.416294E+001, 1.413529E+002,1,0
136,7800000000.0,-5.359855E+001, 1.674094E+002,1,0
137,7850000000.0,-4.939230E+001,-1.302115E+002,1,0
138,7900000000.0,-4.911669E+001,-5.101125E+001,1,0
139,7950000000.0,-4.921190E+001, 1.986822E+001,1,0
140,8000000000.0,-4.726494E+001, 1.127642E+002,1,0
141,8050000000.0,-5.017593E+001,-1.218286E+002,1,0
142,8100000000.0,-4.941418E+001,-3.021324E+001,1,0
143,8150000000.0,-5.097572E+001, 8.847720E+001,1,0
144,8200000000.0,-4.906697E+001,-1.722087E+002,1,0
145,8250000000.0,-4.745680E+001,-5.605964E+001,1,0
146,8300000000.0,-4.770613E+001, 1.741929E+001,1,0
147,8350000000.0,-4.893785E+001, 1.263704E+002,1,0
148,8400000000.0,-5.146449E+001,-1.268411E+002,1,0
149,8450000000.0,-5.762022E+001,-2.082945E+001,1,0
150,8500000000.0,-5.908718E+001, 6.022678E+001,1,0
151,8550000000.0,-5.767590E+001,-9.961853E+001,1,0
152,8600000000.0,-5.823245E+001, 6.010191E+001,1,0
153,8650000000.0,-5.140480E+001, 1.355462E+002,1,0
154,8700000000.0,-5.093647E+001,-1.320150E+002,1,0
155,8750000000.0,-5.496079E+001,-4.174841E+001,1,0
156,8800000000.0,-5.396124E+001, 9.087665E+001,1,0
157,8850000000.0,-5.557319E+001,-1.508904E+002,1,0
158,8900000000.0,-5.299179E+001,-4.506630E+001,1,0
159,8950000000.0,-5.310387E+001, 7.786474E+001,1,0
160,9000000000.0,-5.061550E+001,-1.539646E+002,1,0
161,9050000000.0,-4.874726E+001,-4.466565E+001,1,0
162,9100000000.0,-4.606355E+001, 4.000844E+001,1,0
163,9150000000.0,-4.627486E+001, 1.326604E+002,1,0
164,9200000000.0,-4.971014E+001,-1.524378E+002,1,0
165,9250000000.0,-5.297523E+001,-2.222222E+001,1,0
166,9300000000.0,-5.533685E+001, 8.907087E+001,1,0
167,9350000000.0,-5.693584E+001,-1.236194E+002,1,0
168,9400000000.0,-5.524380E+001,-2.749137E+001,1,0
169,9450000000.0,-5.233093E+001, 8.989030E+001,1,0
170,9500000000.0,-5.221879E+001,-1.569532E+002,1,0
171,9550000000.0,-5.179733E+001,-7.988707E+001,1,0
172,9600000000.0,-5.864161E+001, 7.394255E+000,1,0
173,9650000000.0,-6.663794E+001,-8.767118E+000,1,0
174,9700000000.0,-5.431026E+001, 3.033762E+001,1,0
175,9750000000.0,-5.028946E+001, 1.271638E+002,1,0
176,9800000000.0,-4.960246E+001,-1.500293E+002,1,0
177,9850000000.0,-5.380530E+001,-6.637531E+001,1,0
178,9900000000.0,-5.461956E+001, 9.097835E+001,1,0
179,9950000000.0,-4.966288E+001,-1.601058E+002,1,0
180,10000000000.0,-4.712933E+001,-5.728298E+001,1,0
181,10050000000.0,-4.808264E+001, 4.702153E+001,1,0
182,10100000000.0,-4.695624E+001, 1.508800E+002,1,0
183,10150000000.0,-4.709568E+001,-9.916709E+001,1,0
184,10200000000.0,-4.652640E+001, 4.430709E+000,1,0
185,10250000000.0,-4.890416E+001, 1.117640E+002,1,0
186,10300000000.0,-4.784019E+001,-1.448968E+002,1,0
187,10350000000.0,-4.876274E+001,-1.625536E+001,1,0
188,10400000000.0,-4.897819E+001, 8.326433E+001,1,0
189,10450000000.0,-4.777788E+001,-1.702622E+002,1,0
190,10500000000.0,-4.992730E+001,-7.287325E+001,1,0
191,10550000000.0,-5.457574E+001, 5.722894E+001,1,0
192,10600000000.0,-5.433779E+001,-1.630088E+002,1,0
193,10650000000.0,-5.135656E+001,-6.180011E+001,1,0
194,10700000000.0,-5.314904E+001, 6.626578E+001,1,0
195,10750000000.0,-5.099715E+001, 1.794128E+002,1,0
196,10800000000.0,-4.898521E+001,-5.322625E+001,1,0
197,10850000000.0,-4.814163E+001, 4.722657E+001,1,0
198,10900000000.0,-4.808759E+001, 1.449860E+002,1,0
199,10950000000.0,-4.812439E+001,-1.076951E+002,1,0
200,11000000000.0,-4.790302E+001, 5.172386E+000,1,0
0,1000000000.0,-1.358826E+001, 7.895681E+000,2,0
1,1050000000.0,-1.173212E+001, 1.000032E+002,2,0
2,1100000000.0,-1.171521E+001,-1.786231E+002,2,0
3,1150000000.0,-1.163340E+001,-9.125580E+001,2,0
4,1200000000.0,-1.169472E+001, 3.450920E+000,2,0
5,1250000000.0,-1.286277E+001, 9.231682E+001,2,0
6,1300000000.0,-1.375801E+001,-1.686983E+002,2,0
7,1350000000.0,-1.388519E+001,-7.689622E+001,2,0
8,1400000000.0,-1.420138E+001, 1.337698E+001,2,0
9,1450000000.0,-1.441975E+001, 1.107756E+002,2,0
10,1500000000.0,-1.591121E+001,-1.535930E+002,2,0
11,1550000000.0,-1.848523E+001,-6.468235E+001,2,0
12,1600000000.0,-1.967996E+001, 3.633325E+001,2,0
13,1650000000.0,-2.177006E+001, 1.443294E+002,2,0
14,1700000000.0,-2.230295E+001,-1.094618E+002,2,0
15,1750000000.0,-2.391319E+001, 6.331014E+000,2,0
16,1800000000.0,-2.144504E+001, 1.188716E+002,2,0
17,1850000000.0,-1.852938E+001,-1.469020E+002,2,0
18,1900000000.0,-1.843334E+001,-6.175216E+001,2,0
19,1950000000.0,-1.781669E+001, 2.902378E+001,2,0
20,2000000000.0,-1.854230E+001, 1.180209E+002,2,0
21,2050000000.0,-1.856116E+001,-1.425507E+002,2,0
22,2100000000.0,-2.029816E+001,-4.456582E+001,2,0
23,2150000000.0,-1.975973E+001, 4.795054E+001,2,0
24,2200000000.0,-2.023445E+001, 1.413733E+002,2,0
25,2250000000.0,-2.059291E+001,-1.206229E+002,2,0
26,2300000000.0,-2.098557E+001,-2.287994E+001,2,0
27,2350000000.0,-2.058315E+001, 7.236300E+001,2,0
28,2400000000.0,-2.050103E+001, 1.687379E+002,2,0
29,2450000000.0,-2.052885E+001,-9.709563E+001,2,0
30,2500000000.0,-2.019160E+001,-4.739387E+000,2,0
31,2550000000.0,-2.072239E+001, 8.369804E+001,2,0
32,2600000000.0,-2.107484E+001, 1.763413E+002,2,0
33,2650000000.0,-2.185387E+001,-9.259411E+001,2,0
34,2700000000.0,-2.274677E+001,-3.940664E-001,2,0
35,2750000000.0,-2.457262E+001, 9.131950E+001,2,0
36,2800000000.0,-2.737724E+001,-1.760312E+002,2,0
37,2850000000.0,-2.901075E+001,-6.046706E+001,2,0
38,2900000000.0,-2.932300E+001, 4.965047E+001,2,0
39,2950000000.0,-2.906900E+001, 1.576610E+002,2,0
40,3000000000.0,-2.850010E+001,-1.066094E+002,2,0
41,3050000000.0,-2.581001E+001, 2.586310E+000,2,0
42,3100000000.0,-2.561614E+001, 8.805515E+001,2,0
43,3150000000.0,-2.667402E+001,-1.778111E+002,2,0
44,3200000000.0,-2.687720E+001,-7.906577E+001,2,0
45,3250000000.0,-2.644819E+001, 1.627321E+001,2,0
46,3300000000.0,-2.643248E+001, 1.062951E+002,2,0
47,3350000000.0,-2.798335E+001,-1.539550E+002,2,0
48,3400000000.0,-2.743697E+001,-6.109874E+001,2,0
49,3450000000.0,-2.916130E+001, 3.214759E+001,2,0
50,3500000000.0,-2.843410E+001, 1.411994E+002,2,0
51,3550000000.0,-2.668192E+001,-1.310733E+002,2,0
52,3600000000.0,-2.703994E+001,-4.522372E+001,2,0
53,3650000000.0,-2.809101E+001, 3.888075E+001,2,0
54,3700000000.0,-2.919376E+001, 1.383470E+002,2,0
55,3750000000.0,-3.009129E+001,-1.376882E+002,2,0
56,3800000000.0,-3.022853E+001,-5.672845E+001,2,0
57,3850000000.0,-3.278818E+001, 3.399053E+001,2,0
58,3900000000.0,-3.595593E+001, 1.144485E+002,2,0
59,3950000000.0,-4.149975E+001,-1.640422E+002,2,0
60,4000000000.0,-4.263079E+001,-6.138236E+001,2,0
61,4050000000.0,-6.121009E+001,-7.878842E+001,2,0
62,4100000000.0,-4.858326E+001,-7.302819E+001,2,0
63,4150000000.0,-4.491346E+001,-2.524413E+000,2,0
64,4200000000.0,-4.446374E+001, 4.998679E+001,2,0
65,4250000000.0,-4.741107E+001,-1.293033E+002,2,0
66,4300000000.0,-4.410085E+001,-3.409357E+001,2,0
67,4350000000.0,-3.784804E+001, 4.578516E+001,2,0
68,4400000000.0,-3.782895E+001, 1.224982E+002,2,0
69,4450000000.0,-3.943817E+001,-1.332539E+002,2,0
70,4500000000.0,-3.877666E+001,-4.240453E+001,2,0
71,4550000000.0,-4.208312E+001, 5.223510E+001,2,0
72,4600000000.0,-3.924321E+001, 1.697555E+002,2,0
73,4650000000.0,-3.895412E+001,-9.047133E+001,2,0
74,4700000000.0,-3.630725E+001,-7.717796E+000,2,0
75,4750000000.0,-3.539828E+001, 9.179626E+001,2,0
76,4800000000.0,-3.356584E+001,-1.717327E+002,2,0
77,4850000000.0,-3.373426E+001,-8.568049E+001,2,0
78,4900000000.0,-3.306435E+001,-4.130103E+000,2,0
79,4950000000.0,-3.375312E+001, 8.120882E+001,2,0
80,5000000000.0,-3.508095E+001, 1.740138E+002,2,0
81,5050000000.0,-3.523745E+001,-1.010397E+002,2,0
82,5100000000.0,-3.867320E+001,-5.961479E+000,2,0
83,5150000000.0,-4.163154E+001, 9.782691E+001,2,0
84,5200000000.0,-4.093662E+001,-1.402616E+002,2,0
85,5250000000.0,-3.814995E+001,-4.980048E+001,2,0
86,5300000000.0,-3.685636E+001, 4.945609E+001,2,0
87,5350000000.0,-3.610022E+001, 1.375753E+002,2,0
88,5400000000.0,-3.466188E+001,-1.372234E+002,2,0
89,5450000000.0,-3.342089E+001,-5.583819E+001,2,0
90,5500000000.0,-3.297247E+001, 2.267841E+001,2,0
91,5550000000.0,-3.378737E+001, 9.216298E+001,2,0
92,5600000000.0,-3.506030E+001, 1.670623E+002,2,0
93,5650000000.0,-3.821545E+001,-1.318303E+002,2,0
94,5700000000.0,-4.386177E+001,-4.884085E+001,2,0
95,5750000000.0,-4.853286E+001, 2.452210E+001,2,0
96,5800000000.0,-6.083328E+001,-6.993515E+001,2,0
97,5850000000.0,-4.915472E+001,-9.218810E+000,2,0
98,5900000000.0,-4.762175E+001, 7.672595E+001,2,0
99,5950000000.0,-4.550220E+001, 1.577774E+002,2,0
100,6000000000.0,-4.353305E+001,-1.142825E+002,2,0
101,6050000000.0,-4.025423E+001,-2.858394E+001,2,0
102,6100000000.0,-3.919388E+001, 4.781660E+001,2,0
103,6150000000.0,-3.981144E+001, 1.145463E+002,2,0
104,6200000000.0,-4.134418E+001,-1.621909E+002,2,0
105,6250000000.0,-4.413494E+001,-8.126540E+001,2,0
106,6300000000.0,-4.513784E+001, 2.608980E+001,2,0
107,6350000000.0,-4.447041E+001, 1.030384E+002,2,0
108,6400000000.0,-4.519119E+001,-1.673087E+002,2,0
109,6450000000.0,-4.363681E+001,-8.530985E+001,2,0
110,6500000000.0,-4.593052E+001,-2.256511E+001,2,0
111,6550000000.0,-5.060270E+001, 4.523006E+001,2,0
112,6600000000.0,-6.542221E+001,-1.591169E+002,2,0
113,6650000000.0,-5.489876E+001,-3.776618E+001,2,0
114,6700000000.0,-4.835255E+001, 8.709836E+001,2,0
115,6750000000.0,-4.706065E+001, 1.498007E+002,2,0
116,6800000000.0,-4.463598E+001,-1.135331E+002,2,0
117,6850000000.0,-4.318417E+001,-4.178601E+001,2,0
118,6900000000.0,-4.341785E+001, 3.877378E+001,2,0
119,6950000000.0,-4.374062E+001, 1.151271E+002,2,0
120,7000000000.0,-4.484733E+001,-1.734181E+002,2,0
121,7050000000.0,-4.253046E+001,-8.011427E+001,2,0
122,7100000000.0,-4.421598E+001,-1.210639E+001,2,0
123,7150000000.0,-4.370813E+001, 6.231639E+001,2,0
124,7200000000.0,-4.645327E+001, 1.453943E+002,2,0
125,7250000000.0,-5.071482E+001,-1.035028E+002,2,0
126,7300000000.0,-4.689916E+001,-1.580295E+001,2,0
127,7350000000.0,-5.249007E+001, 8.444775E+001,2,0
128,7400000000.0,-5.818026E+001,-1.375277E+002,2,0
129,7450000000.0,-5.011680E+001,-1.935967E+001,2,0
130,7500000000.0,-4.630847E+001, 8.237132E+001,2,0
131,7550000000.0,-4.444494E+001, 1.611360E+002,2,0
132,7600000000.0,-4.447939E+001,-1.172366E+002,2,0
133,7650000000.0,-4.628481E+001,-4.600996E+001,2,0
134,7700000000.0,-4.692161E+001, 2.755042E+001,2,0
135,7750000000.0,-4.974105E+001, 6.420044E+001,2,0
136,7800000000.0,-5.166695E+001, 1.162226E+002,2,0
137,7850000000.0,-5.223243E+001,-1.559694E+002,2,0
138,7900000000.0,-4.857316E+001,-6.836349E+001,2,0
139,7950000000.0,-4.706744E+001, 2.024710E+001,2,0
140,8000000000.0,-4.841383E+001, 9.134491E+001,2,0
141,8050000000.0,-5.025507E+001,-1.479109E+002,2,0
142,8100000000.0,-5.405997E+001,-7.172093E+001,2,0
143,8150000000.0,-5.360545E+001, 1.137648E+002,2,0
144,8200000000.0,-4.760250E+001,-1.483070E+002,2,0
145,8250000000.0,-4.603689E+001,-5.389969E+001,2,0
146,8300000000.0,-4.521641E+001, 2.799536E+001,2,0
147,8350000000.0,-4.699002E+001, 1.248721E+002,2,0
148,8400000000.0,-4.906513E+001,-1.411995E+002,2,0
149,8450000000.0,-5.195136E+001,-6.003859E+001,2,0
150,8500000000.0,-5.933921E+001, 1.118493E+001,2,0
151,8550000000.0,-6.107902E+001,-7.314162E+001,2,0
152,8600000000.0,-5.681546E+001, 8.760830E+001,2,0
153,8650000000.0,-4.991746E+001, 1.543258E+002,2,0
154,8700000000.0,-4.808768E+001,-1.166872E+002,2,0
155,8750000000.0,-4.657025E+001,-3.737822E+001,2,0
156,8800000000.0,-5.085443E+001, 5.132138E+001,2,0
157,8850000000.0,-5.510907E+001, 1.433968E+002,2,0
158,8900000000.0,-6.187045E+001,-3.066673E+001,2,0
159,8950000000.0,-5.680730E+001, 1.242554E+002,2,0
160,9000000000.0,-4.936823E+001,-1.510879E+002,2,0
161,9050000000.0,-4.711488E+001,-5.418339E+001,2,0
162,9100000000.0,-4.493229E+001, 4.716407E+001,2,0
163,9150000000.0,-4.576423E+001, 1.232911E+002,2,0
164,9200000000.0,-4.713404E+001,-1.518901E+002,2,0
165,9250000000.0,-5.338672E+001,-3.433450E+001,2,0
166,9300000000.0,-5.569447E+001, 9.893864E+001,2,0
167,9350000000.0,-5.696176E+001,-1.411327E+002,2,0
168,9400000000.0,-5.440243E+001,-4.055882E+001,2,0
169,9450000000.0,-5.771111E+001, 6.971387E+001,2,0
170,9500000000.0,-5.902929E+001,-1.137310E+002,2,0
171,9550000000.0,-5.276787E+001,-2.399607E+001,2,0
172,9600000000.0,-5.309408E+001, 5.655573E+001,2,0
173,9650000000.0,-5.635104E+001, 1.333244E+002,2,0
174,9700000000.0,-6.460403E+001, 1.242779E+002,2,0
175,9750000000.0,-5.540684E+001, 1.559424E+002,2,0
176,9800000000.0,-5.224650E+001,-1.078091E+002,2,0
177,9850000000.0,-5.134643E+001,-2.003167E+001,2,0
178,9900000000.0,-4.876940E+001, 8.870039E+001,2,0
179,9950000000.0,-4.727122E+001,-1.769385E+002,2,0
180,10000000000.0,-4.681298E+001,-7.526433E+001,2,0
181,10050000000.0,-4.968350E+001, 2.479706E+001,2,0
182,10100000000.0,-5.109782E+001, 1.531340E+002,2,0
183,10150000000.0,-4.698681E+001,-7.857448E+001,2,0
184,10200000000.0,-4.517929E+001, 1.577550E+001,2,0
185,10250000000.0,-4.699781E+001, 1.142528E+002,2,0
186,10300000000.0,-4.699280E+001,-1.466591E+002,2,0
187,10350000000.0,-4.712312E+001,-2.811732E+001,2,0
188,10400000000.0,-4.978755E+001, 6.452463E+001,2,0
189,10450000000.0,-5.196657E+001, 1.742164E+002,2,0
190,10500000000.0,-5.401147E+001,-5.480829E+001,2,0
191,10550000000.0,-5.336832E+001, 9.116405E+001,2,0
192,10600000000.0,-5.085055E+001,-1.608573E+002,2,0
193,10650000000.0,-4.835651E+001,-6.126588E+001,2,0
194,10700000000.0,-5.082454E+001, 4.714114E+001,2,0
195,10750000000.0,-5.433292E+001, 1.550749E+002,2,0
196,10800000000.0,-5.157226E+001,-4.113533E+001,2,0
197,10850000000.0,-4.882465E+001, 6.106646E+001,2,0
198,10900000000.0,-4.741508E+001, 1.519927E+002,2,0
199,10950000000.0,-4.730002E+001,-9.901102E+001,2,0
200,11000000000.0,-4.513355E+001, 1.327792E+001,2,0
0,1000000000.0,-1.361562E+001, 7.902058E+000,3,0
1,1050000000.0,-1.185702E+001, 1.005028E+002,3,0
2,1100000000.0,-1.160624E+001,-1.773658E+002,3,0
3,1150000000.0,-1.158020E+001,-9.166707E+001,3,0
4,1200000000.0,-1.172913E+001, 2.547127E+000,3,0
5,1250000000.0,-1.286508E+001, 9.303088E+001,3,0
6,1300000000.0,-1.368032E+001,-1.676283E+002,3,0
7,1350000000.0,-1.385893E+001,-7.707162E+001,3,0
8,1400000000.0,-1.417385E+001, 1.238731E+001,3,0
9,1450000000.0,-1.426521E+001, 1.093998E+002,3,0
10,1500000000.0,-1.617200E+001,-1.549330E+002,3,0
11,1550000000.0,-1.844791E+001,-6.168653E+001,3,0
12,1600000000.0,-1.920738E+001, 3.603762E+001,3,0
13,1650000000.0,-2.176458E+001, 1.384032E+002,3,0
14,1700000000.0,-2.372781E+001,-1.067369E+002,3,0
15,1750000000.0,-2.305647E+001, 1.450702E+001,3,0
16,1800000000.0,-2.055094E+001, 1.165058E+002,3,0
17,1850000000.0,-1.883005E+001,-1.490525E+002,3,0
18,1900000000.0,-1.861420E+001,-6.529824E+001,3,0
19,1950000000.0,-1.855718E+001, 2.910840E+001,3,0
20,2000000000.0,-1.830908E+001, 1.213766E+002,3,0
21,2050000000.0,-1.825227E+001,-1.425095E+002,3,0
22,2100000000.0,-1.978754E+001,-4.865671E+001,3,0
23,2150000000.0,-2.031566E+001, 4.518673E+001,3,0
24,2200000000.0,-2.073502E+001, 1.439364E+002,3,0
25,2250000000.0,-2.072865E+001,-1.163264E+002,3,0
26,2300000000.0,-2.041824E+001,-2.175411E+001,3,0
27,2350000000.0,-2.028709E+001, 7.315235E+001,3,0
28,2400000000.0,-2.019482E+001, 1.688494E+002,3,0
29,2450000000.0,-2.031202E+001,-1.001722E+002,3,0
30,2500000000.0,-2.076693E+001,-1.005726E+001,3,0
31,2550000000.0,-2.110719E+001, 8.886531E+001,3,0
32,2600000000.0,-2.076411E+001, 1.783453E+002,3,0
33,2650000000.0,-2.147545E+001,-9.559509E+001,3,0
34,2700000000.0,-2.318835E+001,-3.626502E+000,3,0
35,2750000000.0,-2.513868E+001, 9.105332E+001,3,0
36,2800000000.0,-2.816597E+001,-1.715963E+002,3,0
37,2850000000.0,-2.934552E+001,-5.529875E+001,3,0
38,2900000000.0,-2.819402E+001, 5.640355E+001,3,0
39,2950000000.0,-2.776943E+001, 1.548483E+002,3,0
40,3000000000.0,-2.850555E+001,-1.130009E+002,3,0
41,3050000000.0,-2.634280E+001,-1.075274E+000,3,0
42,3100000000.0,-2.634630E+001, 9.280687E+001,3,0
43,3150000000.0,-2.569460E+001,-1.735962E+002,3,0
44,3200000000.0,-2.624815E+001,-8.752856E+001,3,0
45,3250000000.0,-2.708628E+001, 1.101693E+001,3,0
46,3300000000.0,-2.757292E+001, 1.062212E+002,3,0
47,3350000000.0,-2.858935E+001,-1.503891E+002,3,0
48,3400000000.0,-2.798840E+001,-5.572914E+001,3,0
49,3450000000.0,-2.834567E+001, 4.487858E+001,3,0
50,3500000000.0,-2.699239E+001, 1.387514E+002,3,0
51,3550000000.0,-2.681227E+001,-1.372959E+002,3,0
52,3600000000.0,-2.719375E+001,-4.805700E+001,3,0
53,3650000000.0,-2.829794E+001, 4.158960E+001,3,0
54,3700000000.0,-2.852868E+001, 1.365582E+002,3,0
55,3750000000.0,-2.975754E+001,-1.398402E+002,3,0
56,3800000000.0,-3.052501E+001,-5.761692E+001,3,0
57,3850000000.0,-3.222259E+001, 3.000551E+001,3,0
58,3900000000.0,-3.538163E+001, 1.085596E+002,3,0
59,3950000000.0,-4.086972E+001, 1.695075E+002,3,0
60,4000000000.0,-5.191935E+001,-1.169821E+002,3,0
61,4050000000.0,-4.780485E+001, 1.526115E+002,3,0
62,4100000000.0,-4.804228E+001,-1.192995E+002,3,0
63,4150000000.0,-4.666012E+001,-1.752849E+001,3,0
64,4200000000.0,-4.792043E+001, 1.230237E+002,3,0
65,4250000000.0,-4.110732E+001,-1.583112E+002,3,0
66,4300000000.0,-4.210957E+001,-8.004815E+001,3,0
67,4350000000.0,-4.400623E+001, 2.754425E+001,3,0
68,4400000000.0,-4.055792E+001, 1.312507E+002,3,0
69,4450000000.0,-3.974546E+001,-1.288968E+002,3,0
70,4500000000.0,-3.916029E+001,-3.494149E+001,3,0
71,4550000000.0,-3.933790E+001, 6.474393E+001,3,0
72,4600000000.0,-3.860779E+001, 1.624237E+002,3,0
73,4650000000.0,-3.933741E+001,-1.007950E+002,3,0
74,4700000000.0,-3.728561E+001,-5.142498E-001,3,0
75,4750000000.0,-3.438840E+001, 9.766449E+001,3,0
76,4800000000.0,-3.284367E+001,-1.781957E+002,3,0
77,4850000000.0,-3.332979E+001,-9.457283E+001,3,0
78,4900000000.0,-3.427404E+001,-8.082708E+000,3,0
79,4950000000.0,-3.434393E+001, 8.359940E+001,3,0
80,5000000000.0,-3.438480E+001, 1.742216E+002,3,0
81,5050000000.0,-3.604825E+001,-1.021799E+002,3,0
82,5100000000.0,-3.890961E+001,-2.977265E+000,3,0
83,5150000000.0,-4.088919E+001, 1.023738E+002,3,0
84,5200000000.0,-3.956986E+001,-1.475698E+002,3,0
85,5250000000.0,-3.938441E+001,-4.327438E+001,3,0
86,5300000000.0,-3.584785E+001, 5.650757E+001,3,0
87,5350000000.0,-3.455095E+001, 1.351606E+002,3,0
88,5400000000.0,-3.405310E+001,-1.400122E+002,3,0
89,5450000000.0,-3.318532E+001,-6.526327E+001,3,0
90,5500000000.0,-3.391862E+001, 1.643283E+001,3,0
91,5550000000.0,-3.436171E+001, 9.088851E+001,3,0
92,5600000000.0,-3.640286E+001, 1.680583E+002,3,0
93,5650000000.0,-3.778331E+001,-1.201150E+002,3,0
94,5700000000.0,-4.011203E+001,-5.213404E+001,3,0
95,5750000000.0,-4.573198E+001,-1.488887E-001,3,0
96,5800000000.0,-5.345148E+001, 3.620384E+001,3,0
97,5850000000.0,-4.646844E+001, 5.527787E+001,3,0
98,5900000000.0,-4.130540E+001, 1.064673E+002,3,0
99,5950000000.0,-3.979715E+001, 1.690568E+002,3,0
100,6000000000.0,-3.872386E+001,-1.395997E+002,3,0
101,6050000000.0,-3.960514E+001,-4.690718E+001,3,0
102,6100000000.0,-4.028440E+001, 4.376667E+001,3,0
103,6150000000.0,-3.957455E+001, 1.244650E+002,3,0
104,6200000000.0,-3.873171E+001,-1.600486E+002,3,0
105,6250000000.0,-3.981361E+001,-8.497479E+001,3,0
106,6300000000.0,-4.166542E+001,-1.328101E+001,3,0
107,6350000000.0,-4.490807E+001, 5.322924E+001,3,0
108,6400000000.0,-4.873676E+001, 1.311803E+002,3,0
109,6450000000.0,-5.544279E+001,-1.190553E+002,3,0
110,6500000000.0,-6.271316E+001, 4.625334E+001,3,0
111,6550000000.0,-5.272209E+001, 1.214171E+002,3,0
112,6600000000.0,-5.254528E+001,-1.007652E+002,3,0
113,6650000000.0,-4.950220E+001,-2.043955E+001,3,0
114,6700000000.0,-4.565150E+001, 7.385502E+001,3,0
115,6750000000.0,-4.323421E+001, 1.499543E+002,3,0
116,6800000000.0,-4.342873E+001,-1.390133E+002,3,0
117,6850000000.0,-4.214144E+001,-5.249331E+001,3,0
118,6900000000.0,-4.316777E+001, 1.980477E+001,3,0
119,6950000000.0,-4.317492E+001, 1.024977E+002,3,0
120,7000000000.0,-4.290147E+001,-1.785611E+002,3,0
121,7050000000.0,-4.472301E+001,-1.035062E+002,3,0
122,7100000000.0,-4.517076E+001,-2.048770E+001,3,0
123,7150000000.0,-4.497745E+001, 6.932282E+001,3,0
124,7200000000.0,-4.483578E+001, 1.376058E+002,3,0
125,7250000000.0,-4.848214E+001,-1.434192E+002,3,0
126,7300000000.0,-6.383007E+001,-9.597004E+001,3,0
127,7350000000.0,-5.227454E+001, 1.481528E+002,3,0
128,7400000000.0,-4.770405E+001,-1.165178E+002,3,0
129,7450000000.0,-4.557055E+001,-4.612114E+001,3,0
130,7500000000.0,-4.593439E+001, 5.756402E+001,3,0
131,7550000000.0,-4.518026E+001, 1.435574E+002,3,0
132,7600000000.0,-4.655756E+001,-1.176691E+002,3,0
133,7650000000.0,-4.590606E+001,-4.105830E+001,3,0
134,7700000000.0,-4.652697E+001, 3.528574E+001,3,0
135,7750000000.0,-4.881420E+001, 8.369940E+001,3,0
136,7800000000.0,-4.817575E+001, 1.417641E+002,3,0
137,7850000000.0,-4.730846E+001,-1.495585E+002,3,0
138,7900000000.0,-4.736531E+001,-8.263084E+001,3,0
139,7950000000.0,-4.880011E+001, 3.721470E+000,3,0
140,8000000000.0,-5.010757E+001, 1.022135E+002,3,0
141,8050000000.0,-4.989873E+001,-1.558466E+002,3,0
142,8100000000.0,-5.180508E+001,-6.151642E+001,3,0
143,8150000000.0,-5.390247E+001, 1.337951E+002,3,0
144,8200000000.0,-5.115272E+001,-1.424834E+002,3,0
145,8250000000.0,-4.555045E+001,-4.427634E+001,3,0
146,8300000000.0,-4.510973E+001, 4.391117E+001,3,0
147,8350000000.0,-4.491437E+001, 1.370125E+002,3,0
148,8400000000.0,-4.516567E+001,-1.581121E+002,3,0
149,8450000000.0,-4.913044E+001,-7.423914E+001,3,0
150,8500000000.0,-5.376988E+001, 4.997297E+000,3,0
151,8550000000.0,-5.196276E+001,-3.052177E-001,3,0
152,8600000000.0,-5.002846E+001, 8.637957E+001,3,0
153,8650000000.0,-4.629319E+001, 1.360617E+002,3,0
154,8700000000.0,-4.589867E+001,-1.472247E+002,3,0
155,8750000000.0,-4.844594E+001,-6.176041E+001,3,0
156,8800000000.0,-5.485091E+001, 7.516479E-001,3,0
157,8850000000.0,-5.898299E+001, 1.739054E+002,3,0
158,8900000000.0,-5.929987E+001, 6.385157E+001,3,0
159,8950000000.0,-5.086831E+001, 1.143270E+002,3,0
160,9000000000.0,-4.593078E+001,-1.507731E+002,3,0
161,9050000000.0,-4.688989E+001,-6.257579E+001,3,0
162,9100000000.0,-4.697066E+001, 3.238297E+001,3,0
163,9150000000.0,-4.652817E+001, 1.195011E+002,3,0
164,9200000000.0,-4.899818E+001,-1.473624E+002,3,0
165,9250000000.0,-5.716316E+001,-7.169753E+001,3,0
166,9300000000.0,-6.114709E+001, 1.363128E+002,3,0
167,9350000000.0,-5.220055E+001,-1.225760E+002,3,0
168,9400000000.0,-5.178349E+001,-3.440372E+001,3,0
169,9450000000.0,-5.478455E+001, 8.651777E+001,3,0
170,9500000000.0,-5.489362E+001,-1.621256E+002,3,0
171,9550000000.0,-5.506285E+001,-6.960368E+001,3,0
172,9600000000.0,-5.743259E+001, 2.139725E+001,3,0
173,9650000000.0,-6.592595E+001, 4.617814E+001,3,0
174,9700000000.0,-5.411990E+001, 5.372175E+001,3,0
175,9750000000.0,-5.037551E+001, 1.229659E+002,3,0
176,9800000000.0,-5.194984E+001,-1.570885E+002,3,0
177,9850000000.0,-5.466597E+001,-4.343939E+001,3,0
178,9900000000.0,-5.157831E+001, 9.169117E+001,3,0
179,9950000000.0,-4.746136E+001,-1.683199E+002,3,0
180,10000000000.0,-4.798800E+001,-7.050637E+001,3,0
181,10050000000.0,-4.956139E+001, 4.676001E+001,3,0
182,10100000000.0,-4.863908E+001, 1.519868E+002,3,0
183,10150000000.0,-4.641091E+001,-9.057680E+001,3,0
184,10200000000.0,-4.555297E+001, 1.453225E+001,3,0
185,10250000000.0,-4.691137E+001, 1.072599E+002,3,0
186,10300000000.0,-4.772694E+001,-1.501742E+002,3,0
187,10350000000.0,-4.768771E+001,-2.323526E+001,3,0
188,10400000000.0,-4.969209E+001, 7.042995E+001,3,0
189,10450000000.0,-5.162392E+001,-1.767802E+002,3,0
190,10500000000.0,-5.334265E+001,-4.895192E+001,3,0
191,10550000000.0,-5.218783E+001, 8.747829E+001,3,0
192,10600000000.0,-5.089349E+001,-1.654927E+002,3,0
193,10650000000.0,-4.987749E+001,-6.565469E+001,3,0
194,10700000000.0,-5.264645E+001, 5.293457E+001,3,0
195,10750000000.0,-5.213163E+001, 1.658545E+002,3,0
196,10800000000.0,-5.164997E+001,-4.238710E+001,3,0
197,10850000000.0,-4.903478E+001, 5.585425E+001,3,0
198,10900000000.0,-4.752035E+001, 1.519309E+002,3,0
199,10950000000.0,-4.821263E+001,-9.679176E+001,3,0
200,11000000000.0,-4.626852E+001, 1.362609E+001,3,0
0,1000000000.0,-1.364032E+001, 7.834829E+000,4,0
1,1050000000.0,-1.194759E+001, 1.010888E+002,4,0
2,1100000000.0,-1.149716E+001,-1.763685E+002,4,0
3,1150000000.0,-1.152231E+001,-9.152875E+001,4,0
4,1200000000.0,-1.181623E+001, 1.645371E+000,4,0
5,1250000000.0,-1.280768E+001, 9.380118E+001,4,0
6,1300000000.0,-1.351140E+001,-1.671121E+002,4,0
7,1350000000.0,-1.386335E+001,-7.742750E+001,4,0
8,1400000000.0,-1.431170E+001, 1.137477E+001,4,0
9,1450000000.0,-1.429932E+001, 1.086775E+002,4,0
10,1500000000.0,-1.632611E+001,-1.545337E+002,4,0
11,1550000000.0,-1.812584E+001,-6.017572E+001,4,0
12,1600000000.0,-1.884486E+001, 3.337410E+001,4,0
13,1650000000.0,-2.243258E+001, 1.333399E+002,4,0
14,1700000000.0,-2.421356E+001,-9.675069E+001,4,0
15,1750000000.0,-2.179076E+001, 1.864607E+001,4,0
16,1800000000.0,-1.975505E+001, 1.135014E+002,4,0
17,1850000000.0,-1.914790E+001,-1.526771E+002,4,0
18,1900000000.0,-1.905370E+001,-6.448129E+001,4,0
19,1950000000.0,-1.900220E+001, 3.136213E+001,4,0
20,2000000000.0,-1.792789E+001, 1.250891E+002,4,0
21,2050000000.0,-1.791838E+001,-1.448091E+002,4,0
22,2100000000.0,-2.011626E+001,-5.481212E+001,4,0
23,2150000000.0,-2.127702E+001, 4.877484E+001,4,0
24,2200000000.0,-2.055636E+001, 1.493004E+002,4,0
25,2250000000.0,-2.017680E+001,-1.154398E+002,4,0
26,2300000000.0,-2.027379E+001,-2.342761E+001,4,0
27,2350000000.0,-2.013292E+001, 7.337670E+001,4,0
28,2400000000.0,-1.981995E+001, 1.688823E+002,4,0
29,2450000000.0,-2.024311E+001,-1.027289E+002,4,0
30,2500000000.0,-2.112306E+001,-9.507224E+000,4,0
31,2550000000.0,-2.057600E+001, 8.716195E+001,4,0
32,2600000000.0,-2.072474E+001, 1.755337E+002,4,0
33,2650000000.0,-2.214846E+001,-9.942441E+001,4,0
34,2700000000.0,-2.379227E+001,-1.972673E+000,4,0
35,2750000000.0,-2.561946E+001, 9.572258E+001,4,0
36,2800000000.0,-2.751395E+001,-1.634622E+002,4,0
37,2850000000.0,-2.855864E+001,-5.249669E+001,4,0
38,2900000000.0,-2.727487E+001, 5.384414E+001,4,0
39,2950000000.0,-2.737709E+001, 1.501369E+002,4,0
40,3000000000.0,-2.873045E+001,-1.151464E+002,4,0
41,3050000000.0,-2.690553E+001,-2.048375E+000,4,0
42,3100000000.0,-2.593907E+001, 9.277806E+001,4,0
43,3150000000.0,-2.545143E+001,-1.780578E+002,4,0
44,3200000000.0,-2.751814E+001,-9.324964E+001,4,0
45,3250000000.0,-2.838159E+001, 1.256627E+001,4,0
46,3300000000.0,-2.785337E+001, 1.187553E+002,4,0
47,3350000000.0,-2.744120E+001,-1.476034E+002,4,0
48,3400000000.0,-2.779390E+001,-5.371140E+001,4,0
49,3450000000.0,-2.739577E+001, 4.405720E+001,4,0
50,3500000000.0,-2.708122E+001, 1.366863E+002,4,0
51,3550000000.0,-2.686621E+001,-1.354976E+002,4,0
52,3600000000.0,-2.679721E+001,-5.094585E+001,4,0
53,3650000000.0,-2.765952E+001, 3.997168E+001,4,0
54,3700000000.0,-2.860140E+001, 1.301949E+002,4,0
55,3750000000.0,-3.006177E+001,-1.441992E+002,4,0
56,3800000000.0,-3.131014E+001,-5.975674E+001,4,0
57,3850000000.0,-3.337254E+001, 2.379429E+001,4,0
58,3900000000.0,-3.724539E+001, 1.125853E+002,4,0
59,3950000000.0,-4.515978E+001,-1.796138E+002,4,0
60,4000000000.0,-5.092097E+001,-4.406322E+001,4,0
61,4050000000.0,-5.739418E+001, 9.458843E+001,4,0
62,4100000000.0,-4.608227E+001,-8.496537E+001,4,0
63,4150000000.0,-4.561732E+001,-7.963611E+000,4,0
64,4200000000.0,-4.116474E+001, 7.497562E+001,4,0
65,4250000000.0,-4.415696E+001, 1.552055E+002,4,0
66,4300000000.0,-4.891419E+001,-8.889720E+001,4,0
67,4350000000.0,-4.407959E+001, 5.650126E+001,4,0
68,4400000000.0,-4.170696E+001, 1.401057E+002,4,0
69,4450000000.0,-4.070513E+001,-1.190090E+002,4,0
70,4500000000.0,-3.923035E+001,-2.283807E+001,4,0
71,4550000000.0,-3.741555E+001, 6.824258E+001,4,0
72,4600000000.0,-3.742865E+001, 1.682568E+002,4,0
73,4650000000.0,-3.741944E+001,-1.065320E+002,4,0
74,4700000000.0,-3.601881E+001,-8.598877E+000,4,0
75,4750000000.0,-3.417533E+001, 8.297292E+001,4,0
76,4800000000.0,-3.437804E+001, 1.737073E+002,4,0
77,4850000000.0,-3.541620E+001,-9.330164E+001,4,0
78,4900000000.0,-3.463860E+001,-2.921588E+000,4,0
79,4950000000.0,-3.468624E+001, 7.976265E+001,4,0
80,5000000000.0,-3.598807E+001, 1.761894E+002,4,0
81,5050000000.0,-3.658787E+001,-8.832936E+001,4,0
82,5100000000.0,-3.784465E+001, 8.783695E+000,4,0
83,5150000000.0,-3.939537E+001, 1.051972E+002,4,0
84,5200000000.0,-3.929873E+001,-1.459799E+002,4,0
85,5250000000.0,-3.763331E+001,-5.059792E+001,4,0
86,5300000000.0,-3.595605E+001, 4.600250E+001,4,0
87,5350000000.0,-3.549048E+001, 1.310907E+002,4,0
88,5400000000.0,-3.465605E+001,-1.429141E+002,4,0
89,5450000000.0,-3.415616E+001,-6.741411E+001,4,0
90,5500000000.0,-3.369482E+001, 2.019763E+001,4,0
91,5550000000.0,-3.417443E+001, 8.466437E+001,4,0
92,5600000000.0,-3.675785E+001, 1.593450E+002,4,0
93,5650000000.0,-4.017112E+001,-1.350745E+002,4,0
94,5700000000.0,-4.922315E+001,-5.065244E+001,4,0
95,5750000000.0,-5.107578E+001, 7.294632E+001,4,0
96,5800000000.0,-6.217538E+001, 1.394653E+002,4,0
97,5850000000.0,-5.217239E+001, 2.254760E+001,4,0
98,5900000000.0,-4.482873E+001, 1.074506E+002,4,0
99,5950000000.0,-4.084806E+001, 1.739333E+002,4,0
100,6000000000.0,-3.959320E+001,-1.269192E+002,4,0
101,6050000000.0,-3.785834E+001,-3.676688E+001,4,0
102,6100000000.0,-3.763355E+001, 3.066368E+001,4,0
103,6150000000.0,-3.825537E+001, 9.682855E+001,4,0
104,6200000000.0,-4.168779E+001,-1.782853E+002,4,0
105,6250000000.0,-4.288562E+001,-9.495589E+001,4,0
106,6300000000.0,-4.445794E+001,-2.140355E+001,4,0
107,6350000000.0,-4.806251E+001, 4.537709E+001,4,0
108,6400000000.0,-5.762005E+001, 1.494321E+002,4,0
109,6450000000.0,-6.015086E+001,-9.529999E+001,4,0
110,6500000000.0,-5.633881E+001, 1.016162E+002,4,0
111,6550000000.0,-4.635394E+001, 1.738105E+002,4,0
112,6600000000.0,-4.400250E+001,-1.113326E+002,4,0
113,6650000000.0,-4.245493E+001,-5.404675E+001,4,0
114,6700000000.0,-4.370016E+001, 3.696708E+001,4,0
115,6750000000.0,-4.579420E+001, 1.097231E+002,4,0
116,6800000000.0,-4.564010E+001,-1.505473E+002,4,0
117,6850000000.0,-4.502788E+001,-7.646669E+001,4,0
118,6900000000.0,-4.587162E+001, 2.406391E+001,4,0
119,6950000000.0,-4.740130E+001, 9.053320E+001,4,0
120,7000000000.0,-4.802519E+001, 1.763875E+002,4,0
121,7050000000.0,-4.712179E+001,-7.987303E+001,4,0
122,7100000000.0,-4.812753E+001,-1.174740E+001,4,0
123,7150000000.0,-4.690078E+001, 9.070488E+001,4,0
124,7200000000.0,-4.852129E+001, 1.668463E+002,4,0
125,7250000000.0,-4.838414E+001,-8.902639E+001,4,0
126,7300000000.0,-4.949561E+001, 1.419219E+000,4,0
127,7350000000.0,-4.936134E+001, 1.203764E+002,4,0
128,7400000000.0,-5.002752E+001,-1.476575E+002,4,0
129,7450000000.0,-4.609087E+001,-4.589865E+001,4,0
130,7500000000.0,-4.544248E+001, 4.173277E+001,4,0
131,7550000000.0,-4.695232E+001, 1.228346E+002,4,0
132,7600000000.0,-5.435763E+001,-1.392614E+002,4,0
133,7650000000.0,-5.266880E+001,-3.194352E+001,4,0
134,7700000000.0,-5.201431E+001, 6.152454E+001,4,0
135,7750000000.0,-5.103714E+001, 1.412334E+002,4,0
136,7800000000.0,-4.942204E+001, 1.734665E+002,4,0
137,7850000000.0,-4.766255E+001,-1.259703E+002,4,0
138,7900000000.0,-4.623503E+001,-7.116433E+001,4,0
139,7950000000.0,-4.779188E+001, 9.687469E+000,4,0
140,8000000000.0,-5.110277E+001, 9.975691E+001,4,0
141,8050000000.0,-5.025242E+001,-1.468526E+002,4,0
142,8100000000.0,-5.087476E+001,-2.756234E+001,4,0
143,8150000000.0,-5.261359E+001, 1.087698E+002,4,0
144,8200000000.0,-5.136690E+001,-1.658214E+002,4,0
145,8250000000.0,-4.775532E+001,-4.403408E+001,4,0
146,8300000000.0,-4.445619E+001, 4.241609E+001,4,0
147,8350000000.0,-4.573091E+001, 1.264120E+002,4,0
148,8400000000.0,-4.702980E+001,-1.590540E+002,4,0
149,8450000000.0,-5.253382E+001,-6.863646E+001,4,0
150,8500000000.0,-5.660431E+001,-4.059987E+000,4,0
151,8550000000.0,-5.385891E+001,-1.851913E+001,4,0
152,8600000000.0,-5.173071E+001, 5.286492E+001,4,0
153,8650000000.0,-4.883457E+001, 1.350955E+002,4,0
154,8700000000.0,-4.947256E+001,-1.383595E+002,4,0
155,8750000000.0,-5.011460E+001,-5.064415E+001,4,0
156,8800000000.0,-6.188554E+001, 3.426086E+001,4,0
157,8850000000.0,-5.480648E+001,-1.563385E+002,4,0
158,8900000000.0,-5.524391E+001,-4.098487E+001,4,0
159,8950000000.0,-5.402583E+001, 1.035897E+002,4,0
160,9000000000.0,-4.895567E+001,-1.530981E+002,4,0
161,9050000000.0,-4.704016E+001,-6.703115E+001,4,0
162,9100000000.0,-4.868938E+001, 3.770409E+001,4,0
163,9150000000.0,-4.891286E+001, 1.414873E+002,4,0
164,9200000000.0,-4.778589E+001,-1.269038E+002,4,0
165,9250000000.0,-4.998204E+001,-3.058572E+001,4,0
166,9300000000.0,-5.661609E+001, 9.303440E+001,4,0
167,9350000000.0,-5.436124E+001,-1.466088E+002,4,0
168,9400000000.0,-5.459158E+001,-4.237996E+001,4,0
169,9450000000.0,-5.820742E+001, 7.770580E+001,4,0
170,9500000000.0,-5.780471E+001,-1.572513E+002,4,0
171,9550000000.0,-5.517914E+001,-2.900941E+001,4,0
172,9600000000.0,-5.336141E+001, 6.656133E+001,4,0
173,9650000000.0,-6.045440E+001, 1.330015E+002,4,0
174,9700000000.0,-6.327669E+001, 7.321930E+000,4,0
175,9750000000.0,-5.492035E+001, 1.374910E+002,4,0
176,9800000000.0,-5.515697E+001,-1.363073E+002,4,0
177,9850000000.0,-5.479550E+001,-1.670002E+001,4,0
178,9900000000.0,-5.054385E+001, 1.067851E+002,4,0
179,9950000000.0,-4.556801E+001,-1.664217E+002,4,0
180,10000000000.0,-4.617504E+001,-7.660831E+001,4,0
181,10050000000.0,-4.942448E+001, 3.188008E+001,4,0
182,10100000000.0,-4.823500E+001, 1.433719E+002,4,0
183,10150000000.0,-4.745897E+001,-9.762878E+001,4,0
184,10200000000.0,-4.789799E+001, 1.141009E+001,4,0
185,10250000000.0,-4.893015E+001, 1.260369E+002,4,0
186,10300000000.0,-4.717112E+001,-1.364379E+002,4,0
187,10350000000.0,-4.600755E+001,-2.278692E+001,4,0
188,10400000000.0,-4.693859E+001, 7.218661E+001,4,0
189,10450000000.0,-4.851786E+001, 1.680955E+002,4,0
190,10500000000.0,-5.620328E+001,-9.076287E+001,4,0
191,10550000000.0,-5.637287E+001, 1.043682E+002,4,0
192,10600000000.0,-5.037552E+001,-1.489490E+002,4,0
193,10650000000.0,-5.038144E+001,-5.303032E+001,4,0
194,10700000000.0,-5.013573E+001, 7.240540E+001,4,0
195,10750000000.0,-4.868807E+001, 1.678096E+002,4,0
196,10800000000.0,-4.974506E+001,-7.424929E+001,4,0
197,10850000000.0,-5.036075E+001, 4.145619E+001,4,0
198,10900000000.0,-5.015305E+001, 1.523197E+002,4,0
199,10950000000.0,-4.937860E+001,-8.841831E+001,4,0
200,11000000000.0,-4.583221E+001, 2.312486E+001,4,0
0,1000000000.0,-1.368651E+001, 7.531164E+000,5,0
1,1050000000.0,-1.203276E+001, 1.013923E+002,5,0
2,1100000000.0,-1.141826E+001,-1.753604E+002,5,0
3,1150000000.0,-1.145724E+001,-9.103159E+001,5,0
4,1200000000.0,-1.192542E+001, 1.113837E+000,5,0
5,1250000000.0,-1.271893E+001, 9.430556E+001,5,0
6,1300000000.0,-1.330441E+001,-1.669161E+002,5,0
7,1350000000.0,-1.394678E+001,-7.851086E+001,5,0
8,1400000000.0,-1.456454E+001, 1.071093E+001,5,0
9,1450000000.0,-1.449414E+001, 1.088702E+002,5,0
10,1500000000.0,-1.621207E+001,-1.535849E+002,5,0
11,1550000000.0,-1.778668E+001,-6.119409E+001,5,0
12,1600000000.0,-1.889841E+001, 2.844496E+001,5,0
13,1650000000.0,-2.331718E+001, 1.368311E+002,5,0
14,1700000000.0,-2.345909E+001,-9.477645E+001,5,0
15,1750000000.0,-2.109946E+001, 1.702419E+001,5,0
16,1800000000.0,-1.944940E+001, 1.113048E+002,5,0
17,1850000000.0,-1.928100E+001,-1.552371E+002,5,0
18,1900000000.0,-1.922897E+001,-5.961372E+001,5,0
19,1950000000.0,-1.855116E+001, 3.160131E+001,5,0
20,2000000000.0,-1.759689E+001, 1.239806E+002,5,0
21,2050000000.0,-1.800055E+001,-1.473636E+002,5,0
22,2100000000.0,-2.107092E+001,-5.654385E+001,5,0
23,2150000000.0,-2.094629E+001, 5.394519E+001,5,0
24,2200000000.0,-2.011284E+001, 1.497352E+002,5,0
25,2250000000.0,-1.990085E+001,-1.174807E+002,5,0
26,2300000000.0,-2.109842E+001,-2.302116E+001,5,0
27,2350000000.0,-2.019505E+001, 7.418813E+001,5,0
28,2400000000.0,-1.923670E+001, 1.698129E+002,5,0
29,2450000000.0,-2.011979E+001,-1.036024E+002,5,0
30,2500000000.0,-2.071590E+001,-7.686136E+000,5,0
31,2550000000.0,-2.029541E+001, 8.068506E+001,5,0
32,2600000000.0,-2.134705E+001, 1.700558E+002,5,0
33,2650000000.0,-2.340162E+001,-9.742738E+001,5,0
34,2700000000.0,-2.396859E+001, 1.341963E+000,5,0
35,2750000000.0,-2.582243E+001, 9.948203E+001,5,0
36,2800000000.0,-2.711348E+001,-1.614433E+002,5,0
37,2850000000.0,-2.777971E+001,-5.306553E+001,5,0
38,2900000000.0,-2.718344E+001, 5.279425E+001,5,0
39,2950000000.0,-2.757925E+001, 1.510167E+002,5,0
40,3000000000.0,-2.747763E+001,-1.172943E+002,5,0
41,3050000000.0,-2.689039E+001,-9.050611E+000,5,0
42,3100000000.0,-2.675227E+001, 8.418635E+001,5,0
43,3150000000.0,-2.728461E+001,-1.799995E+002,5,0
44,3200000000.0,-2.886928E+001,-8.052605E+001,5,0
45,3250000000.0,-2.781857E+001, 1.847899E+001,5,0
46,3300000000.0,-2.753939E+001, 1.195689E+002,5,0
47,3350000000.0,-2.715852E+001,-1.453733E+002,5,0
48,3400000000.0,-2.650863E+001,-5.001000E+001,5,0
49,3450000000.0,-2.683859E+001, 3.807132E+001,5,0
50,3500000000.0,-2.684064E+001, 1.373797E+002,5,0
51,3550000000.0,-2.595011E+001,-1.377210E+002,5,0
52,3600000000.0,-2.666942E+001,-5.722208E+001,5,0
53,3650000000.0,-2.792095E+001, 2.917387E+001,5,0
54,3700000000.0,-3.029878E+001, 1.256903E+002,5,0
55,3750000000.0,-3.159805E+001,-1.459978E+002,5,0
56,3800000000.0,-3.237865E+001,-5.230373E+001,5,0
57,3850000000.0,-3.461416E+001, 3.920014E+001,5,0
58,3900000000.0,-3.654820E+001, 1.260080E+002,5,0
59,3950000000.0,-4.442295E+001,-1.561104E+002,5,0
60,4000000000.0,-4.535841E+001,-5.735324E+001,5,0
61,4050000000.0,-4.769207E+001, 1.475293E+002,5,0
62,4100000000.0,-4.259596E+001,-1.258678E+002,5,0
63,4150000000.0,-4.496807E+001,-6.810390E+001,5,0
64,4200000000.0,-4.831439E+001, 1.064237E+001,5,0
65,4250000000.0,-4.890627E+001,-1.103075E+002,5,0
66,4300000000.0,-4.375830E+001,-3.860974E+001,5,0
67,4350000000.0,-4.207503E+001, 4.709929E+001,5,0
68,4400000000.0,-4.101776E+001, 1.382485E+002,5,0
69,4450000000.0,-3.952343E+001,-1.119618E+002,5,0
70,4500000000.0,-3.690401E+001,-2.323503E+001,5,0
71,4550000000.0,-3.700099E+001, 6.209018E+001,5,0
72,4600000000.0,-3.625158E+001, 1.620628E+002,5,0
73,4650000000.0,-3.691401E+001,-1.100145E+002,5,0
74,4700000000.0,-3.659696E+001,-2.190209E+001,5,0
75,4750000000.0,-3.596368E+001, 7.878584E+001,5,0
76,4800000000.0,-3.538394E+001,-1.780586E+002,5,0
77,4850000000.0,-3.502298E+001,-8.856661E+001,5,0
78,4900000000.0,-3.512440E+001,-2.643085E+000,5,0
79,4950000000.0,-3.499413E+001, 8.513274E+001,5,0
80,5000000000.0,-3.592548E+001,-1.770809E+002,5,0
81,5050000000.0,-3.609453E+001,-8.629510E+001,5,0
82,5100000000.0,-3.702044E+001, 1.750542E+001,5,0
83,5150000000.0,-3.884823E+001, 1.076474E+002,5,0
84,5200000000.0,-3.774784E+001,-1.530314E+002,5,0
85,5250000000.0,-3.738997E+001,-5.604050E+001,5,0
86,5300000000.0,-3.583064E+001, 4.406460E+001,5,0
87,5350000000.0,-3.475839E+001, 1.219231E+002,5,0
88,5400000000.0,-3.505937E+001,-1.487217E+002,5,0
89,5450000000.0,-3.486781E+001,-7.293208E+001,5,0
90,5500000000.0,-3.557677E+001, 9.170495E+000,5,0
91,5550000000.0,-3.646604E+001, 9.055969E+001,5,0
92,5600000000.0,-3.848341E+001, 1.668597E+002,5,0
93,5650000000.0,-4.140176E+001,-1.166985E+002,5,0
94,5700000000.0,-4.735439E+001,-4.800059E+001,5,0
95,5750000000.0,-6.667224E+001, 2.142556E+001,5,0
96,5800000000.0,-4.689343E+001,-8.749921E+001,5,0
97,5850000000.0,-4.461872E+001,-1.695380E+001,5,0
98,5900000000.0,-4.175930E+001, 6.594265E+001,5,0
99,5950000000.0,-4.125809E+001, 1.421808E+002,5,0
100,6000000000.0,-4.063247E+001,-1.536167E+002,5,0
101,6050000000.0,-4.089460E+001,-6.201772E+001,5,0
102,6100000000.0,-4.254238E+001, 3.150961E+001,5,0
103,6150000000.0,-4.130608E+001, 1.150096E+002,5,0
104,6200000000.0,-4.092522E+001,-1.725917E+002,5,0
105,6250000000.0,-4.367254E+001,-1.025268E+002,5,0
106,6300000000.0,-4.995951E+001,-5.003709E+000,5,0
107,6350000000.0,-5.471049E+001, 1.226945E+002,5,0
108,6400000000.0,-5.280519E+001,-1.565954E+002,5,0
109,6450000000.0,-4.879223E+001,-4.241182E+001,5,0
110,6500000000.0,-4.740784E+001, 4.400022E+001,5,0
111,6550000000.0,-4.742267E+001, 1.352667E+002,5,0
112,6600000000.0,-4.454911E+001,-1.357271E+002,5,0
113,6650000000.0,-4.491965E+001,-6.068251E+001,5,0
114,6700000000.0,-4.619175E+001, 2.841120E+001,5,0
115,6750000000.0,-4.432789E+001, 1.034299E+002,5,0
116,6800000000.0,-5.001382E+001,-1.743468E+002,5,0
117,6850000000.0,-5.077121E+001,-5.815465E+001,5,0
118,6900000000.0,-4.933846E+001, 3.324010E+001,5,0
119,6950000000.0,-4.670483E+001, 1.245042E+002,5,0
120,7000000000.0,-4.706467E+001,-1.611684E+002,5,0
121,7050000000.0,-4.567045E+001,-7.270335E+001,5,0
122,7100000000.0,-4.581843E+001,-5.529209E-001,5,0
123,7150000000.0,-4.722353E+001, 9.212653E+001,5,0
124,7200000000.0,-4.561684E+001,-1.784286E+002,5,0
125,7250000000.0,-4.483421E+001,-9.187898E+001,5,0
126,7300000000.0,-4.545708E+001,-1.178180E+001,5,0
127,7350000000.0,-4.862697E+001, 8.426742E+001,5,0
128,7400000000.0,-5.281787E+001, 1.737962E+002,5,0
129,7450000000.0,-5.291226E+001,-4.082468E+001,5,0
130,7500000000.0,-4.862076E+001, 6.962943E+001,5,0
131,7550000000.0,-4.807123E+001, 1.637278E+002,5,0
132,7600000000.0,-4.726122E+001,-1.109864E+002,5,0
133,7650000000.0,-4.741718E+001,-3.093753E+001,5,0
134,7700000000.0,-5.004875E+001, 6.508759E+001,5,0
135,7750000000.0,-4.888782E+001, 1.159181E+002,5,0
136,7800000000.0,-4.801912E+001, 1.585866E+002,5,0
137,7850000000.0,-4.638406E+001,-1.350252E+002,5,0
138,7900000000.0,-4.578566E+001,-6.415517E+001,5,0
139,7950000000.0,-4.722873E+001, 1.447115E+001,5,0
140,8000000000.0,-4.801455E+001, 8.765668E+001,5,0
141,8050000000.0,-5.125116E+001,-1.678785E+002,5,0
142,8100000000.0,-5.423035E+001,-2.536028E+001,5,0
143,8150000000.0,-5.238340E+001, 1.070267E+002,5,0
144,8200000000.0,-4.879772E+001,-1.681237E+002,5,0
145,8250000000.0,-4.719248E+001,-5.153562E+001,5,0
146,8300000000.0,-4.636108E+001, 4.309145E+001,5,0
147,8350000000.0,-4.575866E+001, 1.292844E+002,5,0
148,8400000000.0,-4.723025E+001,-1.429803E+002,5,0
149,8450000000.0,-5.105102E+001,-5.229510E+001,5,0
150,8500000000.0,-5.600940E+001, 1.556677E+001,5,0
151,8550000000.0,-5.698548E+001,-2.261758E+001,5,0
152,8600000000.0,-5.463062E+001, 6.458398E+001,5,0
153,8650000000.0,-4.893112E+001, 1.484742E+002,5,0
154,8700000000.0,-4.799805E+001,-1.123349E+002,5,0
155,8750000000.0,-4.693464E+001,-4.645067E+001,5,0
156,8800000000.0,-5.134697E+001, 4.666476E+001,5,0
157,8850000000.0,-6.420882E+001, 1.678303E+002,5,0
158,8900000000.0,-5.813782E+001,-9.762001E+000,5,0
159,8950000000.0,-5.810315E+001, 8.510960E+001,5,0
160,9000000000.0,-4.866013E+001,-1.548414E+002,5,0
161,9050000000.0,-4.694421E+001,-6.358721E+001,5,0
162,9100000000.0,-4.730777E+001, 3.124036E+001,5,0
163,9150000000.0,-4.854552E+001, 1.288798E+002,5,0
164,9200000000.0,-4.826863E+001,-1.268887E+002,5,0
165,9250000000.0,-5.054900E+001,-2.519881E+001,5,0
166,9300000000.0,-5.772548E+001, 9.211202E+001,5,0
167,9350000000.0,-5.376589E+001,-1.464025E+002,5,0
168,9400000000.0,-5.274025E+001,-2.894963E+001,5,0
169,9450000000.0,-5.414373E+001, 6.014599E+001,5,0
170,9500000000.0,-6.389449E+001, 1.694259E+002,5,0
171,9550000000.0,-6.033882E+001, 1.559461E+001,5,0
172,9600000000.0,-5.312555E+001, 9.763431E+001,5,0
173,9650000000.0,-5.834782E+001, 1.721631E+002,5,0
174,9700000000.0,-6.635585E+001,-9.294966E+001,5,0
175,9750000000.0,-5.775732E+001, 1.475349E+002,5,0
176,9800000000.0,-5.438518E+001,-1.267472E+002,5,0
177,9850000000.0,-5.378109E+001,-3.003255E+000,5,0
178,9900000000.0,-4.962177E+001, 9.887199E+001,5,0
179,9950000000.0,-4.678643E+001,-1.642901E+002,5,0
180,10000000000.0,-4.579308E+001,-6.562857E+001,5,0
181,10050000000.0,-4.790270E+001, 2.736260E+001,5,0
182,10100000000.0,-4.956209E+001, 1.351597E+002,5,0
183,10150000000.0,-4.889318E+001,-9.763062E+001,5,0
184,10200000000.0,-4.673782E+001, 1.382053E+001,5,0
185,10250000000.0,-4.824005E+001, 1.243359E+002,5,0
186,10300000000.0,-4.760751E+001,-1.398513E+002,5,0
187,10350000000.0,-4.583206E+001,-2.240174E+001,5,0
188,10400000000.0,-4.798535E+001, 7.248315E+001,5,0
189,10450000000.0,-5.055485E+001, 1.743560E+002,5,0
190,10500000000.0,-5.496629E+001,-6.660371E+001,5,0
191,10550000000.0,-5.335220E+001, 8.557265E+001,5,0
192,10600000000.0,-5.122959E+001,-1.626112E+002,5,0
193,10650000000.0,-5.103029E+001,-5.407582E+001,5,0
194,10700000000.0,-5.128356E+001, 6.999399E+001,5,0
195,10750000000.0,-4.948339E+001, 1.676467E+002,5,0
196,10800000000.0,-4.900181E+001,-7.306497E+001,5,0
197,10850000000.0,-5.176021E+001, 4.064421E+001,5,0
198,10900000000.0,-5.030453E+001, 1.635568E+002,5,0
199,10950000000.0,-4.715553E+001,-8.713783E+001,5,0
200,11000000000.0,-4.569073E+001, 1.184928E+001,5,0
